[LEFT_CAM_2K]
fx=1400
fy=1400
cx=1112.01
cy=657.03
k1=-0.172395
k2=0.0253078

[RIGHT_CAM_2K]
fx=1400.07
fy=1400.07
cx=1121.56
cy=649.505
k1=-0.169828
k2=0.0233618

[LEFT_CAM_FHD]
fx=1400
fy=1400
cx=968.013
cy=576.03
k1=-0.172395
k2=0.0253078

[RIGHT_CAM_FHD]
fx=1400.07
fy=1400.07
cx=977.558
cy=568.505
k1=-0.169828
k2=0.0233618

[LEFT_CAM_HD]
fx=700.002
fy=700.002
cx=642.507
cy=376.515
k1=-0.172395
k2=0.0253078

[RIGHT_CAM_HD]
fx=700.037
fy=700.037
cx=647.279
cy=372.752
k1=-0.169828
k2=0.0233618

[LEFT_CAM_VGA]
fx=350.001
fy=350.001
cx=336.753
cy=195.757
k1=-0.172395
k2=0.0253078

[RIGHT_CAM_VGA]
fx=350.019
fy=350.019
cx=339.14
cy=193.876
k1=-0.169828
k2=0.0233618

[STEREO]
Baseline=120
CV_2K=0.0138694
CV_FHD=0.0138694
CV_HD=0.0138694
CV_VGA=0.0138694
RX_2K=0.00095671
RX_FHD=0.00095671
RX_HD=0.00095671
RX_VGA=0.00095671
RZ_2K=-0.00201381
RZ_FHD=-0.00201381
RZ_HD=-0.00201381
RZ_VGA=-0.00201381



