[LEFT_CAM_2K]
fx=1399.31
fy=1399.31
cx=1161.6
cy=695.917
k1=-0.169534
k2=0.0227664

[RIGHT_CAM_2K]
fx=1401.04
fy=1401.04
cx=1156.72
cy=702.712
k1=-0.170905
k2=0.0248538

[LEFT_CAM_FHD]
fx=1399.31
fy=1399.31
cx=1017.6
cy=614.917
k1=-0.169534
k2=0.0227664

[RIGHT_CAM_FHD]
fx=1401.04
fy=1401.04
cx=1012.72
cy=621.712
k1=-0.170905
k2=0.0248538

[LEFT_CAM_HD]
fx=699.656
fy=699.656
cx=667.302
cy=395.959
k1=-0.169534
k2=0.0227664

[RIGHT_CAM_HD]
fx=700.519
fy=700.519
cx=664.86
cy=399.356
k1=-0.170905
k2=0.0248538

[LEFT_CAM_VGA]
fx=349.828
fy=349.828
cx=349.151
cy=205.479
k1=-0.169534
k2=0.0227664

[RIGHT_CAM_VGA]
fx=350.259
fy=350.259
cx=347.93
cy=207.178
k1=-0.170905
k2=0.0248538

[STEREO]
Baseline=120
CV_2K=0.00694762
CV_FHD=0.00694762
CV_HD=0.00694762
CV_VGA=0.00694762
RX_2K=-0.00112061
RX_FHD=-0.00112061
RX_HD=-0.00112061
RX_VGA=-0.00112061
RZ_2K=-0.00182972
RZ_FHD=-0.00182972
RZ_HD=-0.00182972
RZ_VGA=-0.00182972



