[LEFT_CAM_2K]
fx=1399.4
fy=1399.4
cx=1160.75
cy=680.276
k1=-0.170507
k2=0.0234027

[RIGHT_CAM_2K]
fx=1400.52
fy=1400.52
cx=1196.11
cy=705.234
k1=-0.172752
k2=0.0256519

[LEFT_CAM_FHD]
fx=1399.4
fy=1399.4
cx=1016.75
cy=599.276
k1=-0.170507
k2=0.0234027

[RIGHT_CAM_FHD]
fx=1400.52
fy=1400.52
cx=1052.11
cy=624.234
k1=-0.172752
k2=0.0256519

[LEFT_CAM_HD]
fx=699.701
fy=699.701
cx=666.875
cy=388.138
k1=-0.170507
k2=0.0234027

[RIGHT_CAM_HD]
fx=700.26
fy=700.26
cx=684.557
cy=400.617
k1=-0.172752
k2=0.0256519

[LEFT_CAM_VGA]
fx=349.851
fy=349.851
cx=348.937
cy=201.569
k1=-0.170507
k2=0.0234027

[RIGHT_CAM_VGA]
fx=350.13
fy=350.13
cx=357.778
cy=207.809
k1=-0.172752
k2=0.0256519

[STEREO]
Baseline=120
CV_2K=0.0125961
CV_FHD=0.0125961
CV_HD=0.0125961
CV_VGA=0.0125961
RX_2K=0.00683616
RX_FHD=0.00683616
RX_HD=0.00683616
RX_VGA=0.00683616
RZ_2K=-0.0000143095
RZ_FHD=-0.0000143095
RZ_HD=-0.0000143095
RZ_VGA=-0.0000143095



