[LEFT_CAM_2K]
fx=1399.09
fy=1399.09
cx=1135.32
cy=661.186
k1=-0.166539
k2=0.0197464

[RIGHT_CAM_2K]
fx=1401.67
fy=1401.67
cx=1132.88
cy=652.588
k1=-0.168546
k2=0.0227546

[LEFT_CAM_FHD]
fx=1399.09
fy=1399.09
cx=991.318
cy=580.186
k1=-0.166539
k2=0.0197464

[RIGHT_CAM_FHD]
fx=1401.67
fy=1401.67
cx=988.882
cy=571.588
k1=-0.168546
k2=0.0227546

[LEFT_CAM_HD]
fx=699.547
fy=699.547
cx=654.159
cy=378.593
k1=-0.166539
k2=0.0197464

[RIGHT_CAM_HD]
fx=700.836
fy=700.836
cx=652.941
cy=374.294
k1=-0.168546
k2=0.0227546

[LEFT_CAM_VGA]
fx=349.774
fy=349.774
cx=342.579
cy=196.796
k1=-0.166539
k2=0.0197464

[RIGHT_CAM_VGA]
fx=350.418
fy=350.418
cx=341.971
cy=194.647
k1=-0.168546
k2=0.0227546

[STEREO]
Baseline=120
CV_2K=0.0152782
CV_FHD=0.0152782
CV_HD=0.0152782
CV_VGA=0.0152782
RX_2K=0.0104904
RX_FHD=0.0104904
RX_HD=0.0104904
RX_VGA=0.0104904
RZ_2K=0.00227891
RZ_FHD=0.00227891
RZ_HD=0.00227891
RZ_VGA=0.00227891



