[LEFT_CAM_2K]
fx=1398.29
fy=1398.29
cx=1175.66
cy=652.664
k1=-0.171045
k2=0.0235429

[RIGHT_CAM_2K]
fx=1401.31
fy=1401.31
cx=1143.34
cy=715.25
k1=-0.171905
k2=0.0255285

[LEFT_CAM_FHD]
fx=1398.29
fy=1398.29
cx=1031.66
cy=571.664
k1=-0.171045
k2=0.0235429

[RIGHT_CAM_FHD]
fx=1401.31
fy=1401.31
cx=999.341
cy=634.25
k1=-0.171905
k2=0.0255285

[LEFT_CAM_HD]
fx=699.145
fy=699.145
cx=674.332
cy=374.332
k1=-0.171045
k2=0.0235429

[RIGHT_CAM_HD]
fx=700.657
fy=700.657
cx=658.171
cy=405.625
k1=-0.171905
k2=0.0255285

[LEFT_CAM_VGA]
fx=349.573
fy=349.573
cx=352.666
cy=194.666
k1=-0.171045
k2=0.0235429

[RIGHT_CAM_VGA]
fx=350.328
fy=350.328
cx=344.585
cy=210.312
k1=-0.171905
k2=0.0255285

[STEREO]
Baseline=120
CV_2K=0.00904308
CV_FHD=0.00904308
CV_HD=0.00904308
CV_VGA=0.00904308
RX_2K=0.00457309
RX_FHD=0.00457309
RX_HD=0.00457309
RX_VGA=0.00457309
RZ_2K=0.000764686
RZ_FHD=0.000764686
RZ_HD=0.000764686
RZ_VGA=0.000764686



