[LEFT_CAM_2K]
fx=1400.41
fy=1400.41
cx=1089.9
cy=619.667
k1=-0.171498
k2=0.0247298

[RIGHT_CAM_2K]
fx=1399.57
fy=1399.57
cx=1119.3
cy=597.538
k1=-0.172029
k2=0.0246933

[LEFT_CAM_FHD]
fx=1400.41
fy=1400.41
cx=945.896
cy=538.667
k1=-0.171498
k2=0.0247298

[RIGHT_CAM_FHD]
fx=1399.57
fy=1399.57
cx=975.301
cy=516.538
k1=-0.172029
k2=0.0246933

[LEFT_CAM_HD]
fx=700.203
fy=700.203
cx=631.448
cy=357.833
k1=-0.171498
k2=0.0247298

[RIGHT_CAM_HD]
fx=699.786
fy=699.786
cx=646.151
cy=346.769
k1=-0.172029
k2=0.0246933

[LEFT_CAM_VGA]
fx=350.102
fy=350.102
cx=331.224
cy=186.417
k1=-0.171498
k2=0.0247298

[RIGHT_CAM_VGA]
fx=349.893
fy=349.893
cx=338.575
cy=180.885
k1=-0.172029
k2=0.0246933

[STEREO]
Baseline=120
CV_2K=0.00839071
CV_FHD=0.00839071
CV_HD=0.00839071
CV_VGA=0.00839071
RX_2K=0.00141131
RX_FHD=0.00141131
RX_HD=0.00141131
RX_VGA=0.00141131
RZ_2K=-0.00120277
RZ_FHD=-0.00120277
RZ_HD=-0.00120277
RZ_VGA=-0.00120277



