[LEFT_CAM_2K]
fx=1397.77
fy=1397.77
cx=1074.23
cy=629.38
k1=-0.170607
k2=0.0239362

[RIGHT_CAM_2K]
fx=1402.16
fy=1402.16
cx=1104.09
cy=616.208
k1=-0.169895
k2=0.0232154

[LEFT_CAM_FHD]
fx=1397.77
fy=1397.77
cx=930.226
cy=548.38
k1=-0.170607
k2=0.0239362

[RIGHT_CAM_FHD]
fx=1402.16
fy=1402.16
cx=960.091
cy=535.208
k1=-0.169895
k2=0.0232154

[LEFT_CAM_HD]
fx=698.884
fy=698.884
cx=623.613
cy=362.69
k1=-0.170607
k2=0.0239362

[RIGHT_CAM_HD]
fx=701.078
fy=701.078
cx=638.546
cy=356.104
k1=-0.169895
k2=0.0232154

[LEFT_CAM_VGA]
fx=349.442
fy=349.442
cx=327.306
cy=188.845
k1=-0.170607
k2=0.0239362

[RIGHT_CAM_VGA]
fx=350.539
fy=350.539
cx=334.773
cy=185.552
k1=-0.169895
k2=0.0232154

[STEREO]
Baseline=120
CV_2K=0.0096381
CV_FHD=0.0096381
CV_HD=0.0096381
CV_VGA=0.0096381
RX_2K=0.000226557
RX_FHD=0.000226557
RX_HD=0.000226557
RX_VGA=0.000226557
RZ_2K=-0.000443921
RZ_FHD=-0.000443921
RZ_HD=-0.000443921
RZ_VGA=-0.000443921



