[LEFT_CAM_2K]
fx=1398.34
fy=1398.34
cx=1169.17
cy=683.612
k1=-0.170811
k2=0.0233021

[RIGHT_CAM_2K]
fx=1401.38
fy=1401.38
cx=1109.72
cy=697.86
k1=-0.171007
k2=0.0238503

[LEFT_CAM_FHD]
fx=1398.34
fy=1398.34
cx=1025.17
cy=602.612
k1=-0.170811
k2=0.0233021

[RIGHT_CAM_FHD]
fx=1401.38
fy=1401.38
cx=965.719
cy=616.86
k1=-0.171007
k2=0.0238503

[LEFT_CAM_HD]
fx=699.169
fy=699.169
cx=671.086
cy=389.806
k1=-0.170811
k2=0.0233021

[RIGHT_CAM_HD]
fx=700.689
fy=700.689
cx=641.359
cy=396.93
k1=-0.171007
k2=0.0238503

[LEFT_CAM_VGA]
fx=349.585
fy=349.585
cx=351.043
cy=202.403
k1=-0.170811
k2=0.0233021

[RIGHT_CAM_VGA]
fx=350.344
fy=350.344
cx=336.18
cy=205.965
k1=-0.171007
k2=0.0238503

[STEREO]
Baseline=120
CV_2K=0.0135278
CV_FHD=0.0135278
CV_HD=0.0135278
CV_VGA=0.0135278
RX_2K=0.00337945
RX_FHD=0.00337945
RX_HD=0.00337945
RX_VGA=0.00337945
RZ_2K=-0.0000937567
RZ_FHD=-0.0000937567
RZ_HD=-0.0000937567
RZ_VGA=-0.0000937567



