[LEFT_CAM_2K]
fx=1399.21
fy=1399.21
cx=1119.9
cy=671.433
k1=-0.17113
k2=0.0245153

[RIGHT_CAM_2K]
fx=1400.83
fy=1400.83
cx=1147.16
cy=694.631
k1=-0.171756
k2=0.0255598

[LEFT_CAM_FHD]
fx=1399.21
fy=1399.21
cx=975.9
cy=590.433
k1=-0.17113
k2=0.0245153

[RIGHT_CAM_FHD]
fx=1400.83
fy=1400.83
cx=1003.16
cy=613.631
k1=-0.171756
k2=0.0255598

[LEFT_CAM_HD]
fx=699.605
fy=699.605
cx=646.45
cy=383.717
k1=-0.17113
k2=0.0245153

[RIGHT_CAM_HD]
fx=700.416
fy=700.416
cx=660.081
cy=395.316
k1=-0.171756
k2=0.0255598

[LEFT_CAM_VGA]
fx=349.803
fy=349.803
cx=338.725
cy=199.358
k1=-0.17113
k2=0.0245153

[RIGHT_CAM_VGA]
fx=350.208
fy=350.208
cx=345.541
cy=205.158
k1=-0.171756
k2=0.0255598

[STEREO]
Baseline=120
CV_2K=0.0167288
CV_FHD=0.0167288
CV_HD=0.0167288
CV_VGA=0.0167288
RX_2K=-0.00761717
RX_FHD=-0.00761717
RX_HD=-0.00761717
RX_VGA=-0.00761717
RZ_2K=0.000190125
RZ_FHD=0.000190125
RZ_HD=0.000190125
RZ_VGA=0.000190125



