[LEFT_CAM_2K]
fx=1400.57
fy=1400.57
cx=1213.16
cy=619.311
k1=-0.168548
k2=0.0216565

[RIGHT_CAM_2K]
fx=1399.52
fy=1399.52
cx=1163.56
cy=653.735
k1=-0.171543
k2=0.0253465

[LEFT_CAM_FHD]
fx=1400.57
fy=1400.57
cx=1069.16
cy=538.311
k1=-0.168548
k2=0.0216565

[RIGHT_CAM_FHD]
fx=1399.52
fy=1399.52
cx=1019.56
cy=572.735
k1=-0.171543
k2=0.0253465

[LEFT_CAM_HD]
fx=700.287
fy=700.287
cx=693.079
cy=357.656
k1=-0.168548
k2=0.0216565

[RIGHT_CAM_HD]
fx=699.761
fy=699.761
cx=668.28
cy=374.868
k1=-0.171543
k2=0.0253465

[LEFT_CAM_VGA]
fx=350.144
fy=350.144
cx=362.04
cy=186.328
k1=-0.168548
k2=0.0216565

[RIGHT_CAM_VGA]
fx=349.88
fy=349.88
cx=349.64
cy=194.934
k1=-0.171543
k2=0.0253465

[STEREO]
Baseline=120
CV_2K=0.014459
CV_FHD=0.014459
CV_HD=0.014459
CV_VGA=0.014459
RX_2K=0.0121892
RX_FHD=0.0121892
RX_HD=0.0121892
RX_VGA=0.0121892
RZ_2K=-0.000920913
RZ_FHD=-0.000920913
RZ_HD=-0.000920913
RZ_VGA=-0.000920913



