[LEFT_CAM_2K]
fx=1399.54
fy=1399.54
cx=1180.16
cy=631.146
k1=-0.168401
k2=0.0219317

[RIGHT_CAM_2K]
fx=1400.48
fy=1400.48
cx=1118.76
cy=642.334
k1=-0.169287
k2=0.0229257

[LEFT_CAM_FHD]
fx=1399.54
fy=1399.54
cx=1036.16
cy=550.146
k1=-0.168401
k2=0.0219317

[RIGHT_CAM_FHD]
fx=1400.48
fy=1400.48
cx=974.76
cy=561.334
k1=-0.169287
k2=0.0229257

[LEFT_CAM_HD]
fx=699.768
fy=699.768
cx=676.578
cy=363.573
k1=-0.168401
k2=0.0219317

[RIGHT_CAM_HD]
fx=700.238
fy=700.238
cx=645.88
cy=369.167
k1=-0.169287
k2=0.0229257

[LEFT_CAM_VGA]
fx=349.884
fy=349.884
cx=353.789
cy=189.287
k1=-0.168401
k2=0.0219317

[RIGHT_CAM_VGA]
fx=350.119
fy=350.119
cx=338.44
cy=192.084
k1=-0.169287
k2=0.0229257

[STEREO]
Baseline=120
CV_2K=0.00988459
CV_FHD=0.00988459
CV_HD=0.00988459
CV_VGA=0.00988459
RX_2K=0.00631565
RX_FHD=0.00631565
RX_HD=0.00631565
RX_VGA=0.00631565
RZ_2K=0.0000692803
RZ_FHD=0.0000692803
RZ_HD=0.0000692803
RZ_VGA=0.0000692803



