[LEFT_CAM_2K]
fx = 1399.19
fy = 1399.19
cx = 1116.07
cy = 661.894
k1 = -0.172496
k2 = 0.0252627
p1 = 0
p2 = 0


[RIGHT_CAM_2K]
fx = 1400.99
fy = 1400.99
cx = 1172.4
cy = 684.076
k1 = -0.170378
k2 = 0.0244571
p1 = 0
p2 = 0


[LEFT_CAM_FHD]
fx = 1399.19
fy = 1399.19
cx = 972.071
cy = 580.894
k1 = -0.172496
k2 = 0.0252627
p1 = 0
p2 = 0


[RIGHT_CAM_FHD]
fx = 1400.99
fy = 1400.99
cx = 1028.4
cy = 603.076
k1 = -0.170378
k2 = 0.0244571
p1 = 0
p2 = 0


[LEFT_CAM_HD]
fx = 699.597
fy = 699.597
cx = 644.536
cy = 378.947
k1 = -0.172496
k2 = 0.0252627
p1 = 0
p2 = 0


[RIGHT_CAM_HD]
fx = 700.496
fy = 700.496
cx = 672.702
cy = 390.038
k1 = -0.170378
k2 = 0.0244571
p1 = 0
p2 = 0


[LEFT_CAM_VGA]
fx = 349.798
fy = 349.798
cx = 337.768
cy = 196.974
k1 = -0.172496
k2 = 0.0252627
p1 = 0
p2 = 0


[RIGHT_CAM_VGA]
fx = 350.248
fy = 350.248
cx = 351.851
cy = 202.519
k1 = -0.170378
k2 = 0.0244571
p1 = 0
p2 = 0


[STEREO]
Baseline = 120
CV_2K = 0.0163703
CV_FHD = 0.0163703
CV_HD = 0.0163703
CV_VGA = 0.0163703
RX_2K = 0.000799803
RX_FHD = 0.000799803
RX_HD = 0.000799803
RX_VGA = 0.000799803
RZ_2K = 0.0000816463
RZ_FHD = 0.0000816463
RZ_HD = 0.0000816463
RZ_VGA = 0.0000816463
