[LEFT_CAM_2K]
fx=1398.28
fy=1398.28
cx=1143.84
cy=590
k1=-0.168395
k2=0.0214195

[RIGHT_CAM_2K]
fx=1402.11
fy=1402.11
cx=1106.13
cy=607.216
k1=-0.168138
k2=0.0215106

[LEFT_CAM_FHD]
fx=1398.28
fy=1398.28
cx=999.84
cy=509
k1=-0.168395
k2=0.0214195

[RIGHT_CAM_FHD]
fx=1402.11
fy=1402.11
cx=962.13
cy=526.216
k1=-0.168138
k2=0.0215106

[LEFT_CAM_HD]
fx=699.139
fy=699.139
cx=658.42
cy=343
k1=-0.168395
k2=0.0214195

[RIGHT_CAM_HD]
fx=701.053
fy=701.053
cx=639.565
cy=351.608
k1=-0.168138
k2=0.0215106

[LEFT_CAM_VGA]
fx=349.569
fy=349.569
cx=344.71
cy=179
k1=-0.168395
k2=0.0214195

[RIGHT_CAM_VGA]
fx=350.526
fy=350.526
cx=335.282
cy=183.304
k1=-0.168138
k2=0.0215106

[STEREO]
Baseline=120
CV_2K=0.0133549
CV_FHD=0.0133549
CV_HD=0.0133549
CV_VGA=0.0133549
RX_2K=-0.0132839
RX_FHD=-0.0132839
RX_HD=-0.0132839
RX_VGA=-0.0132839
RZ_2K=-0.000491495
RZ_FHD=-0.000491495
RZ_HD=-0.000491495
RZ_VGA=-0.000491495



