[LEFT_CAM_2K]
fx=1404.64
fy=1404.64
cx=1051.79
cy=640.55
k1=-0.168974
k2=0.023053

[RIGHT_CAM_2K]
fx=1394.34
fy=1394.34
cx=1120.43
cy=596.912
k1=-0.168691
k2=0.0226803

[LEFT_CAM_FHD]
fx=1404.64
fy=1404.64
cx=907.793
cy=559.55
k1=-0.168974
k2=0.023053

[RIGHT_CAM_FHD]
fx=1394.34
fy=1394.34
cx=976.427
cy=515.912
k1=-0.168691
k2=0.0226803

[LEFT_CAM_HD]
fx=702.32
fy=702.32
cx=612.396
cy=368.275
k1=-0.168974
k2=0.023053

[RIGHT_CAM_HD]
fx=697.169
fy=697.169
cx=646.714
cy=346.456
k1=-0.168691
k2=0.0226803

[LEFT_CAM_VGA]
fx=351.16
fy=351.16
cx=321.698
cy=191.637
k1=-0.168974
k2=0.023053

[RIGHT_CAM_VGA]
fx=348.584
fy=348.584
cx=338.857
cy=180.728
k1=-0.168691
k2=0.0226803

[STEREO]
Baseline=120
CV_2K=0.00792453
CV_FHD=0.00792453
CV_HD=0.00792453
CV_VGA=0.00792453
RX_2K=0.00296056
RX_FHD=0.00296056
RX_HD=0.00296056
RX_VGA=0.00296056
RZ_2K=0.000103758
RZ_FHD=0.000103758
RZ_HD=0.000103758
RZ_VGA=0.000103758



