[LEFT_CAM_2K]
fx=1397.84
fy=1397.84
cx=1133
cy=682.151
k1=-0.168694
k2=0.0221206

[RIGHT_CAM_2K]
fx=1401.83
fy=1401.83
cx=1175.52
cy=713.12
k1=-0.172975
k2=0.0261313

[LEFT_CAM_FHD]
fx=1397.84
fy=1397.84
cx=989.001
cy=601.151
k1=-0.168694
k2=0.0221206

[RIGHT_CAM_FHD]
fx=1401.83
fy=1401.83
cx=1031.52
cy=632.12
k1=-0.172975
k2=0.0261313

[LEFT_CAM_HD]
fx=698.921
fy=698.921
cx=653.001
cy=389.075
k1=-0.168694
k2=0.0221206

[RIGHT_CAM_HD]
fx=700.914
fy=700.914
cx=674.262
cy=404.56
k1=-0.172975
k2=0.0261313

[LEFT_CAM_VGA]
fx=349.461
fy=349.461
cx=342
cy=202.038
k1=-0.168694
k2=0.0221206

[RIGHT_CAM_VGA]
fx=350.457
fy=350.457
cx=352.631
cy=209.78
k1=-0.172975
k2=0.0261313

[STEREO]
Baseline=120
CV_2K=0.0112485
CV_FHD=0.0112485
CV_HD=0.0112485
CV_VGA=0.0112485
RX_2K=0.0106216
RX_FHD=0.0106216
RX_HD=0.0106216
RX_VGA=0.0106216
RZ_2K=-0.00184322
RZ_FHD=-0.00184322
RZ_HD=-0.00184322
RZ_VGA=-0.00184322



