[LEFT_CAM_2K]
fx=1399.44
fy=1399.44
cx=1167.62
cy=625.258
k1=-0.170631
k2=0.0233283

[RIGHT_CAM_2K]
fx=1400.78
fy=1400.78
cx=1150.23
cy=661.761
k1=-0.172322
k2=0.025542

[LEFT_CAM_FHD]
fx=1399.44
fy=1399.44
cx=1023.62
cy=544.258
k1=-0.170631
k2=0.0233283

[RIGHT_CAM_FHD]
fx=1400.78
fy=1400.78
cx=1006.23
cy=580.761
k1=-0.172322
k2=0.025542

[LEFT_CAM_HD]
fx=699.719
fy=699.719
cx=670.311
cy=360.629
k1=-0.170631
k2=0.0233283

[RIGHT_CAM_HD]
fx=700.389
fy=700.389
cx=661.613
cy=378.881
k1=-0.172322
k2=0.025542

[LEFT_CAM_VGA]
fx=349.86
fy=349.86
cx=350.656
cy=187.814
k1=-0.170631
k2=0.0233283

[RIGHT_CAM_VGA]
fx=350.195
fy=350.195
cx=346.306
cy=196.94
k1=-0.172322
k2=0.025542

[STEREO]
Baseline=120
CV_2K=0.0136203
CV_FHD=0.0136203
CV_HD=0.0136203
CV_VGA=0.0136203
RX_2K=-0.0123304
RX_FHD=-0.0123304
RX_HD=-0.0123304
RX_VGA=-0.0123304
RZ_2K=0.000610402
RZ_FHD=0.000610402
RZ_HD=0.000610402
RZ_VGA=0.000610402



