[LEFT_CAM_2K]
fx=1400.8
fy=1400.8
cx=1115.08
cy=570.942
k1=-0.169394
k2=0.0226967

[RIGHT_CAM_2K]
fx=1399.42
fy=1399.42
cx=1145.72
cy=593.21
k1=-0.1683
k2=0.0230421

[LEFT_CAM_FHD]
fx=1400.8
fy=1400.8
cx=971.08
cy=489.942
k1=-0.169394
k2=0.0226967

[RIGHT_CAM_FHD]
fx=1399.42
fy=1399.42
cx=1001.72
cy=512.21
k1=-0.1683
k2=0.0230421

[LEFT_CAM_HD]
fx=700.4
fy=700.4
cx=644.04
cy=333.471
k1=-0.169394
k2=0.0226967

[RIGHT_CAM_HD]
fx=699.711
fy=699.711
cx=659.362
cy=344.605
k1=-0.1683
k2=0.0230421

[LEFT_CAM_VGA]
fx=350.2
fy=350.2
cx=337.52
cy=174.235
k1=-0.169394
k2=0.0226967

[RIGHT_CAM_VGA]
fx=349.855
fy=349.855
cx=345.181
cy=179.802
k1=-0.1683
k2=0.0230421

[STEREO]
Baseline=120
CV_2K=0.0134765
CV_FHD=0.0134765
CV_HD=0.0134765
CV_VGA=0.0134765
RX_2K=-0.00702278
RX_FHD=-0.00702278
RX_HD=-0.00702278
RX_VGA=-0.00702278
RZ_2K=-0.000000402272
RZ_FHD=-0.000000402272
RZ_HD=-0.000000402272
RZ_VGA=-0.000000402272



