[LEFT_CAM_2K]
fx=1399.56
fy=1399.56
cx=1119.81
cy=668.516
k1=-0.16854
k2=0.0220448

[RIGHT_CAM_2K]
fx=1400.61
fy=1400.61
cx=1161.29
cy=621.936
k1=-0.169732
k2=0.0238682

[LEFT_CAM_FHD]
fx=1399.56
fy=1399.56
cx=975.808
cy=587.516
k1=-0.16854
k2=0.0220448

[RIGHT_CAM_FHD]
fx=1400.61
fy=1400.61
cx=1017.29
cy=540.936
k1=-0.169732
k2=0.0238682

[LEFT_CAM_HD]
fx=699.782
fy=699.782
cx=646.404
cy=382.258
k1=-0.16854
k2=0.0220448

[RIGHT_CAM_HD]
fx=700.305
fy=700.305
cx=667.145
cy=358.968
k1=-0.169732
k2=0.0238682

[LEFT_CAM_VGA]
fx=349.891
fy=349.891
cx=338.702
cy=198.629
k1=-0.16854
k2=0.0220448

[RIGHT_CAM_VGA]
fx=350.152
fy=350.152
cx=349.073
cy=186.984
k1=-0.169732
k2=0.0238682

[STEREO]
Baseline=120
CV_2K=0.0118902
CV_FHD=0.0118902
CV_HD=0.0118902
CV_VGA=0.0118902
RX_2K=-0.00260437
RX_FHD=-0.00260437
RX_HD=-0.00260437
RX_VGA=-0.00260437
RZ_2K=0.00113934
RZ_FHD=0.00113934
RZ_HD=0.00113934
RZ_VGA=0.00113934



